coeffs:
- -0.055018968880176544
- 0.06432417035102844
- 9.833820513449609e-05
- 8.63121313159354e-05
- -0.02097494527697563
fx: 388.66888427734375
fy: 388.17431640625
height: 480
obj_description: watering pot
ppx: 327.3779602050781
ppy: 245.6330108642578
width: 640
